# environment.yml

name: cs325
channels:
  - anaconda
  - conda-forge
  - defaults
dependencies:
  - asttokens=2.4.1=pyhd8ed1ab_0
  - beautifulsoup4=4.12.3=py39haa95532_0
  - ca-certificates=2024.8.30=h56e8100_0
  - colorama=0.4.6=pyhd8ed1ab_0
  - comm=0.2.2=pyhd8ed1ab_0
  - debugpy=1.8.5=py39ha51f57c_1
  - decorator=5.1.1=pyhd8ed1ab_0
  - exceptiongroup=1.2.2=pyhd8ed1ab_0
  - executing=2.1.0=pyhd8ed1ab_0
  - importlib-metadata=8.4.0=pyha770c72_0
  - importlib_metadata=8.4.0=hd8ed1ab_0
  - ipykernel=6.29.5=pyh4bbf305_0
  - ipython=8.18.1=pyh7428d3b_3
  - jedi=0.19.1=pyhd8ed1ab_0
  - jupyter_client=8.6.2=pyhd8ed1ab_0
  - jupyter_core=5.7.2=py39hcbf5309_0
  - krb5=1.21.3=hdf4eb48_0
  - libsodium=1.0.20=hc70643c_0
  - matplotlib-inline=0.1.7=pyhd8ed1ab_0
  - nest-asyncio=1.6.0=pyhd8ed1ab_0
  - openssl=3.3.2=h2466b09_0
  - packaging=24.1=pyhd8ed1ab_0
  - parso=0.8.4=pyhd8ed1ab_0
  - pickleshare=0.7.5=py_1003
  - pip=24.2=py39haa95532_0
  - platformdirs=4.2.2=pyhd8ed1ab_0
  - prompt-toolkit=3.0.47=pyha770c72_0
  - psutil=6.0.0=py39ha55e580_0
  - pure_eval=0.2.3=pyhd8ed1ab_0
  - pygments=2.18.0=pyhd8ed1ab_0
  - python=3.9.19=h1aa4202_1
  - python-dateutil=2.9.0=pyhd8ed1ab_0
  - python_abi=3.9=2_cp39
  - pywin32=306=py39h99910a6_2
  - pyzmq=26.2.0=py39h03e5c00_2
  - setuptools=72.1.0=py39haa95532_0
  - six=1.16.0=pyh6c4a22f_0
  - soupsieve=2.5=py39haa95532_0
  - sqlite=3.45.3=h2bbff1b_0
  - stack_data=0.6.2=pyhd8ed1ab_0
  - tornado=6.4.1=py39ha55e580_1
  - tqdm=4.66.5=py39h9909e9c_0
  - traitlets=5.14.3=pyhd8ed1ab_0
  - typing_extensions=4.12.2=pyha770c72_0
  - tzdata=2024a=h04d1e81_0
  - ucrt=10.0.22621.0=h57928b3_0
  - vc=14.40=h2eaa2aa_0
  - vc14_runtime=14.40.33810=hcc2c482_20
  - vs2015_runtime=14.40.33810=h3bf8584_20
  - wcwidth=0.2.13=pyhd8ed1ab_0
  - wheel=0.43.0=py39haa95532_0
  - zeromq=4.3.5=he1f189c_5
  - zipp=3.20.1=pyhd8ed1ab_0
  - pip:
      - anyio==4.4.0
      - certifi==2024.8.30
      - h11==0.14.0
      - httpcore==1.0.5
      - httpx==0.27.2
      - idna==3.8
      - ollama==0.3.2
      - sniffio==1.3.1
prefix: C:\Users\flori\miniconda3\envs\cs325
